
    // ПОСЛЕ СОЗДАНИЯ ЭКЗЕМПЛЯРА bUFFER
    // --- Спрайты пришельцев (из гайда) ---
    const uint8_t alien_a_frame1_data[] = {
        0,0,0,1,1,0,0,0, // ...@@...
        0,0,1,1,1,1,0,0, // ..@@@@..
        0,1,1,1,1,1,1,0, // .@@@@@@.
        1,1,0,1,1,0,1,1, // @@.@@.@@
        1,1,1,1,1,1,1,1, // @@@@@@@@
        0,1,0,1,1,0,1,0, // .@.@@.@.
        1,0,0,0,0,0,0,1, // @......@
        0,1,0,0,0,0,1,0  // .@....@.
    };
    Sprite alien_a_frame1 = {8, 8, alien_a_frame1_data};

    const uint8_t alien_a_frame2_data[] = {
        0,0,0,1,1,0,0,0, // ...@@...
        0,0,1,1,1,1,0,0, // ..@@@@..
        0,1,1,1,1,1,1,0, // .@@@@@@.
        1,1,0,1,1,0,1,1, // @@.@@.@@
        1,1,1,1,1,1,1,1, // @@@@@@@@
        0,0,1,0,0,1,0,0, // ..@..@..
        0,1,0,1,1,0,1,0, // .@.@@.@.
        1,0,1,0,0,1,0,1  // @.@..@.@
    };
    Sprite alien_a_frame2 = {8, 8, alien_a_frame2_data};

    const uint8_t alien_b_frame1_data[] = {
        0,0,1,0,0,0,0,0,1,0,0, // ..@.....@..
        0,0,0,1,0,0,0,1,0,0,0, // ...@...@...
        0,0,1,1,1,1,1,1,1,0,0, // ..@@@@@@@..
        0,1,1,0,1,1,1,0,1,1,0, // .@@.@@@.@@.
        1,1,1,1,1,1,1,1,1,1,1, // @@@@@@@@@@@
        1,0,1,1,1,1,1,1,1,0,1, // @.@@@@@@@.@
        1,0,1,0,0,0,0,0,1,0,1, // @.@.....@.@
        0,0,0,1,1,0,1,1,0,0,0  // ...@@.@@...
    };
    Sprite alien_b_frame1 = {11, 8, alien_b_frame1_data};

    const uint8_t alien_b_frame2_data[] = {
        0,0,1,0,0,0,0,0,1,0,0, // ..@.....@..
        1,0,0,1,0,0,0,1,0,0,1, // @..@...@..@
        1,0,1,1,1,1,1,1,1,0,1, // @.@@@@@@@.@
        1,1,1,0,1,1,1,0,1,1,1, // @@@.@@@.@@@
        1,1,1,1,1,1,1,1,1,1,1, // @@@@@@@@@@@
        0,1,1,1,1,1,1,1,1,1,0, // .@@@@@@@@@.
        0,0,1,0,0,0,0,0,1,0,0, // ..@.....@..
        0,1,0,0,0,0,0,0,0,1,0  // .@.......@.
    };
    Sprite alien_b_frame2 = {11, 8, alien_b_frame2_data};

    const uint8_t alien_c_frame1_data[] = {
        0,0,0,0,1,1,1,1,0,0,0,0, // ....@@@@....
        0,1,1,1,1,1,1,1,1,1,1,0, // .@@@@@@@@@@.
        1,1,1,1,1,1,1,1,1,1,1,1, // @@@@@@@@@@@@
        1,1,1,0,0,1,1,0,0,1,1,1, // @@@..@@..@@@
        1,1,1,1,1,1,1,1,1,1,1,1, // @@@@@@@@@@@@
        0,0,0,1,1,0,0,1,1,0,0,0, // ...@@..@@...
        0,0,1,1,0,1,1,0,1,1,0,0, // ..@@.@@.@@..
        1,1,0,0,0,0,0,0,0,0,1,1  // @@........@@
    };
    Sprite alien_c_frame1 = {12, 8, alien_c_frame1_data};

    const uint8_t alien_c_frame2_data[] = {
        0,0,0,0,1,1,1,1,0,0,0,0, // ....@@@@....
        0,1,1,1,1,1,1,1,1,1,1,0, // .@@@@@@@@@@.
        1,1,1,1,1,1,1,1,1,1,1,1, // @@@@@@@@@@@@
        1,1,1,0,0,1,1,0,0,1,1,1, // @@@..@@..@@@
        1,1,1,1,1,1,1,1,1,1,1,1, // @@@@@@@@@@@@
        0,0,1,1,1,0,0,1,1,1,0,0, // ..@@@..@@@..
        0,1,1,0,0,1,1,0,0,1,1,0, // .@@..@@..@@.
        0,0,1,1,0,0,0,0,1,1,0,0  // ..@@....@@..
    };
    Sprite alien_c_frame2 = {12, 8, alien_c_frame2_data};

    const uint8_t player_data[] = {
        0,0,0,0,0,1,0,0,0,0,0,
        0,0,0,0,1,1,1,0,0,0,0,
        0,0,0,0,1,1,1,0,0,0,0,
        0,1,1,1,1,1,1,1,1,1,0,
        1,1,1,1,1,1,1,1,1,1,1,
        1,1,1,1,1,1,1,1,1,1,1,
        1,1,1,1,1,1,1,1,1,1,1
    };
    Sprite player_sprite = {11, 7, player_data};

    const uint8_t bullet_data[] = {1, 1, 1};
    Sprite bullet_sprite = {1, 3, bullet_data};

    const uint8_t alien_death_data[] = {
        0,1,0,0,1,0,0,0,1,0,0,1,0,
        0,0,1,0,0,1,0,1,0,0,1,0,0,
        0,0,0,1,0,0,0,0,0,1,0,0,0,
        1,1,0,0,0,0,0,0,0,0,0,1,1,
        0,0,0,1,0,0,0,0,0,1,0,0,0,
        0,0,1,0,0,1,0,1,0,0,1,0,0,
        0,1,0,0,1,0,0,0,1,0,0,1,0
    };
    Sprite alien_death_sprite = {13, 7, alien_death_data};

    // Спрайт сердца для индикации здоровья
    const uint8_t heart_data[] = {
        0,1,1,0,1,1,0,
        1,1,1,1,1,1,1,
        1,1,1,1,1,1,1,
        0,1,1,1,1,1,0,
        0,0,1,1,1,0,0,
        0,0,0,1,0,0,0
    };
    Sprite heart_sprite = {7, 6, heart_data}; // Размеры сердца

    // Спрайт бункера (основа)
    const uint8_t bunker_base_data[] = {
        0,0,0,0,1,1,1,1,1,1,1,1,1,1,1,1,1,1,0,0,0,0, // 22x16
        0,0,0,1,1,1,1,1,1,1,1,1,1,1,1,1,1,1,1,0,0,0,
        0,0,1,1,1,1,1,1,1,1,1,1,1,1,1,1,1,1,1,1,0,0,
        0,1,1,1,1,1,1,1,1,1,1,1,1,1,1,1,1,1,1,1,1,0,
        1,1,1,1,1,1,1,1,1,1,1,1,1,1,1,1,1,1,1,1,1,1,
        1,1,1,1,1,1,1,1,1,1,1,1,1,1,1,1,1,1,1,1,1,1,
        1,1,1,1,1,1,1,1,1,1,1,1,1,1,1,1,1,1,1,1,1,1,
        1,1,1,1,1,1,1,1,1,1,1,1,1,1,1,1,1,1,1,1,1,1,
        1,1,1,1,1,1,1,1,1,1,1,1,1,1,1,1,1,1,1,1,1,1,
        1,1,1,1,1,1,1,1,1,1,1,1,1,1,1,1,1,1,1,1,1,1,
        1,1,1,1,1,1,1,1,1,1,1,1,1,1,1,1,1,1,1,1,1,1,
        1,1,1,1,1,1,1,1,1,1,1,1,1,1,1,1,1,1,1,1,1,1,
        1,1,1,1,1,1,1,1,1,1,1,1,1,1,1,1,1,1,1,1,1,1,
        1,1,1,0,0,0,0,0,0,0,0,0,0,0,0,0,0,0,0,1,1,1, // Нижние "ножки"
        1,1,0,0,0,0,0,0,0,0,0,0,0,0,0,0,0,0,0,0,1,1,
        1,0,0,0,0,0,0,0,0,0,0,0,0,0,0,0,0,0,0,0,0,1
    };
    Sprite bunker_base_sprite = {22, 16, bunker_base_data}; // Размеры базового спрайта бункера

    // ДО АНИМАЦИИ ДЛЯ КАЖДОГО ТИПА ПРИШЕЛЬЦА





















// ПОСЛЕ ФУНКЦИЙ НА АНИМАЦИЮ РАЗНЫХ ТИПОВ ИНОПЛАНЕТЯН

    // --- Спрайт-лист для шрифта (5x7 пикселей на символ) ---
    // Начинается с ASCII 32 (' ') и заканчивается ASCII 96 ('`'). Всего 65 символов.
    // Важно: данные должны соответствовать порядку ASCII символов от 32 до 96.
    
    const uint8_t font_5x7_data[] = {
        // Пробел (ASCII 32)
        0,0,0,0,0, 
        0,0,0,0,0,
        0,0,0,0,0,
        0,0,0,0,0,
        0,0,0,0,0,
        0,0,0,0,0,
        0,0,0,0,0,

        // ! (ASCII 33)
        0,0,1,0,0,
        0,0,1,0,0,
        0,0,1,0,0,
        0,0,1,0,0,
        0,0,1,0,0,
        0,0,0,0,0,
        0,0,1,0,0,

        // " (ASCII 34)
        0,1,0,1,0,
        0,1,0,1,0,
        0,0,0,0,0,
        0,0,0,0,0,
        0,0,0,0,0,
        0,0,0,0,0,
        0,0,0,0,0,

        // # (ASCII 35)
        0,1,0,1,0,
        1,1,1,1,1,
        0,1,0,1,0,
        1,1,1,1,1,
        0,1,0,1,0,
        0,0,0,0,0,
        0,0,0,0,0,

        // $ (ASCII 36)
        0,0,1,0,0,
        0,1,1,0,0,
        1,0,1,0,0,
        0,1,1,1,0,
        0,0,1,0,1,
        0,0,1,1,0,
        0,0,1,0,0,

        // % (ASCII 37)
        1,1,0,0,0,
        1,1,0,0,0,
        0,0,0,1,0,
        0,0,1,0,0,
        0,1,0,0,0,
        0,0,0,1,1,
        0,0,0,1,1,

        // & (ASCII 38)
        0,1,1,0,0,
        1,0,0,1,0,
        0,1,1,0,0,
        1,0,1,1,0,
        1,0,1,0,1,
        0,1,1,0,1,
        0,1,0,1,0,

        // ' (ASCII 39)
        0,0,1,0,0,
        0,0,1,0,0,
        0,0,0,0,0,
        0,0,0,0,0,
        0,0,0,0,0,
        0,0,0,0,0,
        0,0,0,0,0,

        // ( (ASCII 40)
        0,0,0,1,0,
        0,0,1,0,0,
        0,0,1,0,0,
        0,0,1,0,0,
        0,0,1,0,0,
        0,0,1,0,0,
        0,0,0,1,0,

        // ) (ASCII 41)
        0,1,0,0,0,
        0,0,1,0,0,
        0,0,1,0,0,
        0,0,1,0,0,
        0,0,1,0,0,
        0,0,1,0,0,
        0,1,0,0,0,

        // * (ASCII 42)
        0,0,0,0,0,
        0,1,0,1,0,
        0,0,1,0,0,
        0,1,1,1,0,
        0,0,1,0,0,
        0,1,0,1,0,
        0,0,0,0,0,

        // + (ASCII 43)
        0,0,0,0,0,
        0,0,1,0,0,
        0,0,1,0,0,
        1,1,1,1,1,
        0,0,1,0,0,
        0,0,1,0,0,
        0,0,0,0,0,

        // , (ASCII 44)
        0,0,0,0,0,
        0,0,0,0,0,
        0,0,0,0,0,
        0,0,0,0,0,
        0,0,1,0,0,
        0,0,1,0,0,
        0,1,0,0,0,

        // - (ASCII 45)
        0,0,0,0,0,
        0,0,0,0,0,
        0,0,0,0,0,
        1,1,1,1,1,
        0,0,0,0,0,
        0,0,0,0,0,
        0,0,0,0,0,

        // . (ASCII 46)
        0,0,0,0,0,
        0,0,0,0,0,
        0,0,0,0,0,
        0,0,0,0,0,
        0,0,0,0,0,
        0,0,1,0,0,
        0,0,0,0,0,

        // / (ASCII 47)
        0,0,0,0,1,
        0,0,0,1,0,
        0,0,0,1,0,
        0,0,1,0,0,
        0,1,0,0,0,
        0,1,0,0,0,
        1,0,0,0,0,

        // 0 (ASCII 48)
        0,1,1,1,0,
        1,0,0,0,1,
        1,0,0,0,1,
        1,0,0,0,1,
        1,0,0,0,1,
        1,0,0,0,1,
        0,1,1,1,0,

        // 1 (ASCII 49)
        0,0,1,0,0,
        0,1,1,0,0,
        0,0,1,0,0,
        0,0,1,0,0,
        0,0,1,0,0,
        0,0,1,0,0,
        0,1,1,1,0,

        // 2 (ASCII 50)
        0,1,1,1,0,
        1,0,0,0,1,
        0,0,0,0,1,
        0,0,0,1,0,
        0,0,1,0,0,
        0,1,0,0,0,
        1,1,1,1,1,

        // 3 (ASCII 51)
        1,1,1,1,1,
        0,0,0,0,1,
        0,0,0,1,0,
        0,0,1,1,0,
        0,0,0,0,1,
        1,0,0,0,1,
        0,1,1,1,0,

        // 4 (ASCII 52)
        0,0,0,1,0,
        0,0,1,1,0,
        0,1,0,1,0,
        1,0,0,1,0,
        1,1,1,1,1,
        0,0,0,1,0,
        0,0,0,1,0,

        // 5 (ASCII 53)
        1,1,1,1,1,
        1,0,0,0,0,
        1,1,1,1,0,
        0,0,0,0,1,
        0,0,0,0,1,
        1,0,0,0,1,
        0,1,1,1,0,

        // 6 (ASCII 54)
        0,0,0,1,0,
        0,0,1,0,0,
        0,1,0,0,0,
        1,1,1,1,0,
        1,0,0,0,1,
        1,0,0,0,1,
        0,1,1,1,0,

        // 7 (ASCII 55)
        1,1,1,1,1,
        0,0,0,0,1,
        0,0,0,1,0,
        0,0,1,0,0,
        0,1,0,0,0,
        0,1,0,0,0,
        0,1,0,0,0,

        // 8 (ASCII 56)
        0,1,1,1,0,
        1,0,0,0,1,
        0,1,1,1,0,
        1,0,0,0,1,
        1,0,0,0,1,
        1,0,0,0,1,
        0,1,1,1,0,

        // 9 (ASCII 57)
        0,1,1,1,0,
        1,0,0,0,1,
        1,0,0,0,1,
        0,1,1,1,1,
        0,0,0,1,0,
        0,0,1,0,0,
        0,1,0,0,0,

        // : (ASCII 58)
        0,0,0,0,0,
        0,0,1,0,0,
        0,0,0,0,0,
        0,0,0,0,0,
        0,0,0,0,0,
        0,0,1,0,0,
        0,0,0,0,0,

        // ; (ASCII 59)
        0,0,0,0,0,
        0,0,1,0,0,
        0,0,0,0,0,
        0,0,0,0,0,
        0,0,1,0,0,
        0,0,1,0,0,
        0,1,0,0,0,

        // < (ASCII 60)
        0,0,0,1,0,
        0,0,1,0,0,
        0,1,0,0,0,
        1,0,0,0,0,
        0,1,0,0,0,
        0,0,1,0,0,
        0,0,0,1,0,

        // = (ASCII 61)
        0,0,0,0,0,
        1,1,1,1,1,
        0,0,0,0,0,
        1,1,1,1,1,
        0,0,0,0,0,
        0,0,0,0,0,
        0,0,0,0,0,

        // > (ASCII 62)
        0,1,0,0,0,
        0,0,1,0,0,
        0,0,0,1,0,
        0,0,0,0,1,
        0,0,0,1,0,
        0,0,1,0,0,
        0,1,0,0,0,

        // ? (ASCII 63)
        0,1,1,1,0,
        1,0,0,0,1,
        0,0,0,1,0,
        0,0,1,0,0,
        0,0,0,0,0,
        0,0,1,0,0,
        0,0,0,0,0,

        // @ (ASCII 64)
        0,1,1,1,0,
        1,0,0,0,1,
        1,0,1,0,1,
        1,0,1,0,1,
        1,0,1,1,0,
        1,0,0,0,0,
        0,1,1,1,0,

        // A (ASCII 65)
        0,1,1,1,0,
        1,0,0,0,1,
        1,0,0,0,1,
        1,1,1,1,1,
        1,0,0,0,1,
        1,0,0,0,1,
        1,0,0,0,1,

        // B (ASCII 66)
        1,1,1,1,0,
        1,0,0,0,1,
        1,1,1,1,0,
        1,0,0,0,1,
        1,0,0,0,1,
        1,0,0,0,1,
        1,1,1,1,0,

        // C (ASCII 67)
        0,1,1,1,1,
        1,0,0,0,0,
        1,0,0,0,0,
        1,0,0,0,0,
        1,0,0,0,0,
        1,0,0,0,0,
        0,1,1,1,1,

        // D (ASCII 68)
        1,1,1,1,0,
        1,0,0,0,1,
        1,0,0,0,1,
        1,0,0,0,1,
        1,0,0,0,1,
        1,0,0,0,1,
        1,1,1,1,0,

        // E (ASCII 69)
        1,1,1,1,1,
        1,0,0,0,0,
        1,1,1,1,0,
        1,0,0,0,0,
        1,0,0,0,0,
        1,0,0,0,0,
        1,1,1,1,1,

        // F (ASCII 70)
        1,1,1,1,1,
        1,0,0,0,0,
        1,1,1,1,0,
        1,0,0,0,0,
        1,0,0,0,0,
        1,0,0,0,0,
        1,0,0,0,0,

        // G (ASCII 71)
        0,1,1,1,0,
        1,0,0,0,0,
        1,0,0,0,0,
        1,0,1,1,1,
        1,0,0,0,1,
        1,0,0,0,1,
        0,1,1,1,1,

        // H (ASCII 72)
        1,0,0,0,1,
        1,0,0,0,1,
        1,0,0,0,1,
        1,1,1,1,1,
        1,0,0,0,1,
        1,0,0,0,1,
        1,0,0,0,1,

        // I (ASCII 73)
        1,1,1,1,1,
        0,0,1,0,0,
        0,0,1,0,0,
        0,0,1,0,0,
        0,0,1,0,0,
        0,0,1,0,0,
        1,1,1,1,1,

        // J (ASCII 74)
        0,0,0,0,1,
        0,0,0,0,1,
        0,0,0,0,1,
        0,0,0,0,1,
        1,0,0,0,1,
        1,0,0,0,1,
        0,1,1,1,0,

        // K (ASCII 75)
        1,0,0,0,1,
        1,0,0,1,0,
        1,0,1,0,0,
        1,1,0,0,0,
        1,0,1,0,0,
        1,0,0,1,0,
        1,0,0,0,1,

        // L (ASCII 76)
        1,0,0,0,0,
        1,0,0,0,0,
        1,0,0,0,0,
        1,0,0,0,0,
        1,0,0,0,0,
        1,0,0,0,0,
        1,1,1,1,1,

        // M (ASCII 77)
        1,0,0,0,1,
        1,1,0,1,1,
        1,0,1,0,1,
        1,0,1,0,1,
        1,0,0,0,1,
        1,0,0,0,1,
        1,0,0,0,1,

        // N (ASCII 78)
        1,0,0,0,1,
        1,1,0,0,1,
        1,0,1,0,1,
        1,0,1,0,1,
        1,0,0,1,1,
        1,0,0,0,1,
        1,0,0,0,1,

        // O (ASCII 79)
        0,1,1,1,0,
        1,0,0,0,1,
        1,0,0,0,1,
        1,0,0,0,1,
        1,0,0,0,1,
        1,0,0,0,1,
        0,1,1,1,0,

        // P (ASCII 80)
        1,1,1,1,0,
        1,0,0,0,1,
        1,0,0,0,1,
        1,1,1,1,0,
        1,0,0,0,0,
        1,0,0,0,0,
        1,0,0,0,0,

        // Q (ASCII 81)
        0,1,1,1,0,
        1,0,0,0,1,
        1,0,0,0,1,
        1,0,0,0,1,
        1,0,1,0,1,
        1,0,0,1,0,
        0,1,1,1,1,

        // R (ASCII 82)
        1,1,1,1,0,
        1,0,0,0,1,
        1,0,0,0,1,
        1,1,1,1,0,
        1,0,0,1,0,
        1,0,0,0,1,
        1,0,0,0,1,

        // S (ASCII 83)
        0,1,1,1,1,
        1,0,0,0,0,
        1,1,1,1,0,
        0,0,0,0,1,
        0,0,0,0,1,
        1,0,0,0,1,
        0,1,1,1,0,

        // T (ASCII 84)
        1,1,1,1,1,
        0,0,1,0,0,
        0,0,1,0,0,
        0,0,1,0,0,
        0,0,1,0,0,
        0,0,1,0,0,
        0,0,1,0,0,

        // U (ASCII 85)
        1,0,0,0,1,
        1,0,0,0,1,
        1,0,0,0,1,
        1,0,0,0,1,
        1,0,0,0,1,
        1,0,0,0,1,
        0,1,1,1,0,

        // V (ASCII 86)
        1,0,0,0,1,
        1,0,0,0,1,
        1,0,0,0,1,
        1,0,0,0,1,
        0,1,0,1,0,
        0,1,0,1,0,
        0,0,1,0,0,

        // W (ASCII 87)
        1,0,0,0,1,
        1,0,0,0,1,
        1,0,0,0,1,
        1,0,1,0,1,
        1,0,1,0,1,
        0,1,0,1,0,
        0,1,0,1,0,

        // X (ASCII 88)
        1,0,0,0,1,
        1,0,0,0,1,
        0,1,0,1,0,
        0,0,1,0,0,
        0,1,0,1,0,
        1,0,0,0,1,
        1,0,0,0,1,

        // Y (ASCII 89)
        1,0,0,0,1,
        0,1,0,1,0,
        0,0,1,0,0,
        0,0,1,0,0,
        0,0,1,0,0,
        0,0,1,0,0,
        0,0,1,0,0,

        // Z (ASCII 90)
        1,1,1,1,1,
        0,0,0,1,0,
        0,0,1,0,0,
        0,1,0,0,0,
        1,0,0,0,0,
        1,0,0,0,0,
        1,1,1,1,1,

        // [ (ASCII 91)
        0,1,1,1,0,
        0,1,0,0,0,
        0,1,0,0,0,
        0,1,0,0,0,
        0,1,0,0,0,
        0,1,0,0,0,
        0,1,1,1,0,

        // \ (ASCII 92)
        1,0,0,0,0,
        0,1,0,0,0,
        0,0,1,0,0,
        0,0,0,1,0,
        0,0,0,1,0,
        0,0,0,0,1,
        0,0,0,0,1,

        // ] (ASCII 93)
        0,1,1,1,0,
        0,0,0,1,0,
        0,0,0,1,0,
        0,0,0,1,0,
        0,0,0,1,0,
        0,0,0,1,0,
        0,1,1,1,0,

        // ^ (ASCII 94)
        0,0,1,0,0,
        0,1,0,1,0,
        1,0,0,0,1,
        0,0,0,0,0,
        0,0,0,0,0,
        0,0,0,0,0,
        0,0,0,0,0,

        // _ (ASCII 95)
        0,0,0,0,0,
        0,0,0,0,0,
        0,0,0,0,0,
        0,0,0,0,0,
        0,0,0,0,0,
        0,0,0,0,0,
        1,1,1,1,1,

        // ` (ASCII 96)
        1,0,0,0,0,
        0,1,0,0,0,
        0,0,0,0,0,
        0,0,0,0,0,
        0,0,0,0,0,
        0,0,0,0,0,
        0,0,0,0,0
    };
    Sprite font_5x7_sprite = {5, 7, font_5x7_data}; // Ширина 5, высота 7 для каждого символа
    // перед ИНИЦИАЛИЗАЦИЕЙ ИГРЫ
